-1.689924863117835963e-01 -5.298241637792140413e-01 4.757439038128492559e-01 -7.101767424123340833e-01 3.359686410172951776e-01 2.270071165186664797e-01 -7.923405619208266637e-02 -1.566185939196505783e-01 9.353708364570360034e-01 2.313218879501261593e+00 -5.157344091677662501e-01 3.269188946461777934e-01 -7.717762740778626451e-01 9.046773588588304937e-01 1.543630252643010126e+00 -8.309236679917156865e-01 -1.767717381171117486e-01
-1.243877385192628138e+00 -2.102083973039703846e+00 -1.667932351804408908e+00 -9.444243431752235018e-01 1.215320316240936418e-03 -1.189676866639898523e-01 -1.013517309138729505e+00 8.557285618543672978e-01 1.400661255900108593e+00 -1.087600199491287167e+00 -1.364539066324533145e+00 4.249819550396423118e-01 1.517500278402121594e-01 -3.184427914026527473e-01 -1.279716314251284626e+00 -1.384579195465823753e+00 1.562572739164518776e+00
-1.124971114215212564e+00 -4.137120472994295084e-01 -1.001846535741003796e+00 8.122075674675378609e-01 8.073066647153182007e-01 1.423313043892374008e+00 -5.534024375543780128e-01 -1.220608409548826323e+00 4.568398372400825913e-01 4.370461329568232078e-01 3.937031149781893002e-02 -1.619484686852313837e-01 4.512798389237910324e-01 1.499633567284911206e-01 1.776205328287482788e+00 1.806363088496772296e+00 1.371665917846463245e-01
-1.028860746948477178e+00 -9.200967213814097434e-01 -3.385270958677329411e-01 -2.631512942883048115e-02 1.410332464366267136e+00 1.106278300502854472e+00 1.905063164516360485e+00 -2.627286135870890438e-01 6.687491450404021640e-03 4.817778708344556682e-01 -4.895509650774227950e-01 9.517524250947269060e-01 -7.303440661862544703e-01 9.811315356873995253e-02 -1.767620605031343080e-03 8.101977104499669124e-01 -1.966654909074266600e-01
-9.793661715869487194e-01 -8.431816771614745187e-01 1.584015105365284282e-01 1.034250642547190457e+00 4.332895355290661277e-01 1.326063896228552030e-01 4.520964653648083115e-02 -4.150647301454199467e-02 -1.507045048476102489e-01 -5.463816982786346976e-01 1.952262301781726994e-01 -5.929426454634825205e-01 1.223498705478606396e+00 4.497971299668229728e-01 -2.818614874872407694e-01 9.014144689258273280e-01 -1.651112114005235387e+00
9.917589027318127748e-01 -2.519544228648057937e-01 -9.668935147311494838e-01 -3.718292349138534458e-01 1.990652527124801563e-01 -6.514977166368218775e-01 -1.017820412973063027e+00 8.936199538718336832e-01 2.255880100353336304e-01 -2.877556706910918694e-01 -1.423982404137438262e-01 8.363781728649517799e-02 -2.296132119062584964e-01 6.238284338419805009e-01 -4.525200333204860925e+00 -1.786194980239644292e-02 1.271906824730624441e+00
-1.811096493167776655e+00 -1.116900653236454072e-01 -5.231103563622289121e-01 -9.985281046767617852e-01 -2.547101139114632540e-01 -3.715242550568744750e-01 -1.241231227059284153e-01 7.739389147011342951e-01 -1.509273431778539454e-01 -1.234476036153554501e-01 6.348337564028284641e-01 -8.094156681103518158e-01 -8.588584030689351279e-01 7.553121755631053702e-01 -9.027683010267291142e-01 1.157207832432146200e+00 -3.435754171826540526e-01
5.243837208231751923e-01 -3.134407749866148785e-01 -3.330666754352392678e-01 -1.092869623719274985e+00 2.405155212276693377e-01 -2.873937277118112643e-01 8.501459062678897727e-01 3.357031566462804761e-01 -5.847494914896826934e-01 4.793233664840074737e-01 1.443297390024122162e+00 -1.703410326274290218e-02 -2.176834477168753113e-01 1.405232066288880644e+00 -2.527396833459303882e-01 -1.076189921021989848e+00 -1.596109757624646075e-02
-7.456400542431386169e-01 -1.199817356770908949e+00 -1.052220136441983200e+00 1.527967283170193202e-01 4.952404414672076927e-01 3.035682901249719609e-02 6.634812575287883929e-01 1.970070775893849380e+00 4.319118229476943127e-01 2.334787784000178501e+00 1.745458659288071646e+00 -1.106063900801260158e-01 3.033681733928573765e-01 -1.654575549307562898e+00 -4.494408961606936592e-01 6.204189273535019034e-01 -8.609037543434518991e-01
4.749584039597609664e-01 2.586228667025415540e+00 -1.484492063070939283e+00 -1.067437493467978893e+00 1.212119574665106031e-01 -3.283185406326102895e-01 -1.890173700381773125e+00 1.094332802756520007e+00 -1.542586618616864635e+00 8.357250364557349265e-01 9.791347618277246312e-01 2.918592056336388185e-01 1.198911601834565938e-01 -7.186912865625778579e-01 -4.964317786384105924e-01 5.954945136599125721e-01 8.418468961429642627e-01
1.439166304871570157e+00 -1.699435621568941679e+00 -7.660861222066761567e-02 -4.023356461589109867e-01 1.506247493052237374e-01 -1.665029979502362423e+00 7.068304936932531812e-02 4.527521484587347933e-01 -5.433523860856972476e-01 -4.485267398127911198e-01 7.000639760099698350e-01 -7.229783951748066650e-01 -1.228495199726455267e+00 1.816139338352155796e+00 -1.475415836313231088e-01 -5.232230280831504099e-02 -1.214940021726925862e-01
-1.734096669396964163e+00 -1.490515502219927457e+00 -1.105600099793914826e+00 1.558762846010911751e+00 1.906314109448934202e+00 -2.716662865195823562e-01 2.125860344272948677e+00 -5.724733644455514137e-01 -1.911036269782837360e+00 -8.302386122141762748e-01 1.635647657431775759e+00 7.394744916137631074e-01 1.453130401414180151e+00 1.432457393867824891e+00 -2.182701793793481032e-02 1.590270671405242142e+00 2.166729744726358931e+00
-1.853851091020719266e-01 5.959842276497578917e-01 -7.836979629202955877e-02 1.579659919247702993e+00 7.359570894127437368e-01 -1.622072018241085545e-01 -2.573309686128755769e-01 1.565407435331502173e+00 -9.769211050806199115e-01 -1.154832832029708406e-01 1.201772671629865785e+00 1.756296690720748677e+00 -4.754977790835108742e-01 3.706498687234274780e-01 -5.766610338857646179e-01 1.528421306997286067e+00 2.732164173764205506e-01
-5.847347981074094703e-01 6.271041063423429263e-01 -8.780332790649250096e-01 1.890772143619035839e-01 -2.666997016074201254e-01 -9.413741233051037272e-01 -1.166298894073367176e+00 -3.769909907125997273e-01 -3.635066583914291494e-01 5.605983040117716865e-01 -2.285997378635263588e-01 -4.189650853117895535e-01 1.016447874692403136e-01 -8.085552800976182342e-01 1.978164768788275296e-01 -8.268486016602037969e-01 8.657149330152209554e-01
-5.580957859659462228e-01 -2.455407925842781891e-01 -3.455411970112372000e-01 -5.314478793914721999e-01 -6.932132383600007053e-01 6.696339810483432631e-01 -4.003755412755296006e-01 2.135403457159670282e+00 1.469848598758467961e+00 -7.276106774618257278e-02 1.851995510083789931e+00 -4.044658452717493358e-01 2.323044145963060192e+00 -5.449039940853873665e-01 -9.150513938014074311e-01 2.854986903082424796e-02 -5.692353059890435940e-01
-4.676111988382286033e-01 1.589056547573243494e-01 -4.401287650767696791e-01 1.698536027228955969e-01 1.007140897973869409e+00 1.179319889118575437e+00 -2.261606492859626061e-01 -5.771516573996732236e-01 9.772030534652949019e-01 2.957465121332624736e-01 -2.376921027440262346e+00 -5.958286831715993437e-02 -4.750752761583214578e-01 -3.200690213480617552e-01 7.801397045707773037e-01 2.861011644611026750e-01 3.668748022683292476e-01
-1.149591854362788101e-01 -8.933189506995391493e-01 2.128434150679479886e-01 2.909066600404967007e-01 1.237389383285637939e-01 -1.777918255619733712e-01 -3.743352946515658974e-01 -5.767300157301809005e-01 -1.204617719032656797e-01 5.020447900276921518e-03 -1.095519462009934220e+00 1.207921927475072099e+00 1.386646636706610813e+00 -6.158640272670747873e-01 -4.329354975793452409e-01 -4.112697260361495855e-01 3.359323586291822483e-01
6.880083103737030248e-01 2.497807851484422415e+00 1.670096695429416966e+00 -4.647293164934093168e-01 9.204072356619971140e-01 1.505613949130262030e+00 1.486693083420863148e+00 1.653353614693939599e+00 1.041406071076483419e+00 1.564226567142559032e+00 2.001332252088293906e+00 -3.308978645286298481e-01 7.275849394266096226e-01 8.496826488864011040e-01 -9.297545982221414596e-01 -1.530606381511411707e+00 -5.495458431593606141e-01
9.422517878406135028e-02 2.497975755859004887e-01 1.688481345019163360e+00 5.042379076385772319e-01 6.447543199674886649e-01 -1.166673177527261629e+00 5.568715898234499750e-01 -1.130773266265678201e+00 6.376028848776214009e-01 -2.286943934359761399e-01 1.759374242599805183e-01 -2.176619890696910586e-01 -7.923822289993421863e-01 9.477730037306391075e-01 1.419342175499594516e+00 8.390541562194071545e-01 -3.678328066046384626e-01
-6.742218381876020628e-01 -5.592829726663078871e-01 -2.108132493605087365e+00 -6.768853121097427872e-01 3.459079988674890749e-01 -1.018487400750380356e+00 1.144213606130673799e+00 1.202319045170640102e-02 -4.436392761120538236e-02 -3.953425980250004357e-01 -5.657009601507755336e-01 -1.104015595044065323e+00 -1.568539765287430665e+00 2.108686559759978874e+00 -2.474016548919305558e-01 1.140685028512838234e-01 1.097663236024144284e+00
3.577116858829650359e-01 2.261378509537936565e-01 6.299160122501273884e-01 -9.853552963190517211e-01 1.383153071715068627e+00 1.414669085427000761e+00 7.452120471085178499e-01 -1.636575021630241267e+00 -1.490321521372349189e-01 -4.800222606989057450e-01 -1.441491002087408546e+00 -4.099078949604832434e-01 -1.626808076063277264e+00 4.707738430495176929e-01 2.152192975377795303e+00 7.458658559114194064e-01 -1.517514551898056785e-01
-6.552619499184769714e-01 8.594455591413410200e-01 1.005834177273580571e-01 1.334425492753767761e+00 -1.241863041706698506e-01 2.796629447286052006e-01 7.952795957725465881e-01 1.063028910772301661e+00 1.111775242084388937e+00 -9.855324962380989096e-01 1.018483786339055230e+00 -5.647136454469328104e-01 -1.275141834215287817e+00 -3.410032635361467945e-01 -1.517414453016078690e+00 -2.322099390551434495e-01 2.387477476139999444e-01
2.365107199516520986e-01 2.535555291980527426e-01 -5.292664198173280266e-01 1.508855140310537690e+00 4.810851801248203219e-01 8.807497059469511225e-01 1.797033243848952910e+00 1.480904318648568418e+00 -8.591599003388270539e-01 -1.238210865677106393e-01 2.862839876321728316e-01 9.764157603104827235e-03 -1.071619146555893715e-01 -2.467392616858074650e+00 3.433323042800062175e-01 -4.503105513354340728e-01 -1.072201626951022613e+00
-2.633480651983480247e-01 -9.005117227965679927e-01 -9.185377990783685220e-01 -1.214696380425961397e+00 1.991554708443252331e+00 -8.569023689183196124e-01 -6.464581874938267469e-02 -1.428066086439006843e-01 2.273249844606143322e-01 -1.075196400662722152e+00 -1.134033103282832966e-01 6.100956552880677508e-01 -4.611898859002266926e-01 5.181580731957767805e-01 -8.887854043649757729e-01 -3.360738161069658503e-01 -2.966019099797662650e-01
-3.326860848691317457e-02 2.319632873074883861e+00 -4.898306460312683575e-01 -8.744192005154292902e-02 -1.109810436128702699e-01 8.331853932195318890e-01 -3.427939792728380008e-01 9.903375185110919743e-01 1.148651789818000424e+00 -4.548565597154637929e-01 5.601917219374190626e-01 3.591186806536635912e-01 5.138940672607252014e-02 -8.458567737329506508e-01 -4.354944616303739191e-01 1.192198894830112765e+00 -1.381425054929702467e-01
-1.847450548921145685e+00 -9.616039787743929645e-01 -1.319061495213392776e+00 -1.246772010185736690e+00 8.953821801416417259e-01 4.229988106094773048e-01 6.210373797646043803e-01 -1.970313811509828098e-03 -5.189605683430995597e-01 3.777308423769745183e-01 3.731997894750227474e-01 2.018310712100253923e+00 -2.006178409821880726e-01 8.692556663360733182e-01 9.135992835282019664e-01 1.167852421419147468e+00 -4.278043845329809192e-01
-1.260967155445622323e+00 -6.097808039655486789e-01 -7.241028816371938293e-01 2.718418827276523619e-01 -2.922813398811235364e-01 -1.198125218665375691e+00 -4.780939340269542703e-01 -2.710437297814758395e-01 -2.685449437818330232e-01 1.845025567512567910e-01 -1.115036302697671733e+00 -8.814371202641736458e-01 3.034284641526084902e-01 -7.166767901100101756e-01 1.161239375080243663e+00 2.567760961875383829e-01 4.316355388660520487e-01
5.792977957044288528e-01 -1.468755984082530830e+00 -2.046744651420588923e+00 1.556731950310059176e+00 -2.938308810406839999e-01 7.331384321284362127e-01 -1.209616463138254161e-01 -1.351054375594335388e+00 -1.351158923203141793e+00 -1.446237383322046322e+00 -7.098482365433422814e-01 -8.119833644537902684e-01 1.240282153255769515e-01 1.703583108602734875e+00 -9.763638340037515961e-01 -1.418235852899394578e+00 -2.746428495160810335e-01
4.929525881799665110e-01 -1.425134572971426206e+00 3.514078875850684680e-01 1.075970467446739631e+00 -6.279024547136592693e-02 1.085179428008116842e+00 1.884649329781880933e+00 6.620821986701611594e-01 1.726885103522559417e+00 4.584017850442708153e-01 5.230659695603844250e-01 -1.487283855990311765e-01 7.565563779973812908e-01 1.424344909687689231e+00 -1.129033562489062836e+00 -9.017236121950635841e-01 -6.348500913165725512e-01
-2.346580006288926601e+00 1.571418641614873990e-01 -3.795202913448499082e-02 -5.987263955703423512e-01 5.580088680485353371e-03 -1.011320242878761100e+00 7.317357479650786756e-01 9.734956802420936528e-01 7.859764726048448225e-01 1.589367815541551654e-01 -2.350967805125885879e-01 -3.310805608947089418e-01 -8.704923813005511768e-01 8.565538548685445175e-01 -1.088951569242891715e+00 -5.137769635589936046e-01 1.532206981969216786e+00
-2.175638817743187278e-02 2.442938641354304163e+00 1.179013710909802004e+00 8.485575245292550361e-01 4.280396309549591716e-01 8.187662396646688823e-01 -1.525934951015862351e-01 8.239815104792552747e-01 -8.175010759951371053e-01 5.341017395359379805e-01 -1.259375933920760859e+00 5.845353253651551784e-01 2.550659995399621738e-01 6.067778344937004853e-01 6.973593179967888522e-01 1.858395877031828736e-01 -3.606950427667903747e-01
4.028336877654431492e-01 -5.785743142002521683e-02 -1.127738464473114099e+00 1.677614222346011763e+00 -9.973141506998111083e-01 5.218359765110779369e-01 1.585312556923196003e-01 -1.707006479729549289e-02 1.557626743674662473e+00 -7.354430184585686314e-01 1.207173856755172359e-01 9.703151325076649902e-01 9.697961763435543059e-01 -9.598706016415698983e-01 1.012170912118151689e+00 1.705534237922332386e+00 5.169295677398298011e-02
1.020264556571330639e+00 -2.101056914791762653e-01 -1.778491823061140620e+00 3.156924776858303083e-01 4.269033131511717483e-01 1.917400370686945799e+00 -6.163467223831611275e-01 -1.940759851677692271e+00 9.883638379966134258e-01 -8.222968424019592160e-01 1.215786423399562777e+00 9.109933151446427679e-01 -1.360282790826668475e-01 4.581376785267724516e-01 1.351620200105928982e+00 5.660513907080949592e-01 7.065148717462083061e-01
-1.467008991057609402e+00 -6.673195921642491868e-01 -4.620716823972559339e-01 2.703272733478058187e-01 3.095448275004836769e-01 1.929939088138913905e-01 3.234429392023150385e-01 -4.047604361669389084e-01 -1.197182388044891299e+00 -3.983006251584779722e-01 -1.560028294265031201e+00 -1.329165703118023956e+00 3.353504927546376302e-01 1.073339466328961489e+00 -1.274628219535180351e+00 1.508632005303177925e-01 4.486074648444249302e-01
-4.898800404476458259e-02 1.252606593996416384e+00 6.226396972258253504e-01 -3.282003211118949548e-01 -6.907845752249738291e-01 -9.692257040758077424e-02 -1.385466957168334901e+00 9.403091043744814248e-02 4.561870410567330225e-01 6.123134853581007481e-02 -1.644696882845992691e+00 -4.419497070252162430e-01 7.066985698094904733e-02 4.302242953723123819e-01 -3.337113638451924547e-02 4.878715999613314480e-01 -1.120153227497480808e+00
-6.448637254923079709e-01 -7.432359088741472553e-01 -6.206423994211250905e-01 -1.100210761920495051e+00 1.174117798929553702e+00 -3.582525450629506780e-01 -1.804331594865273614e+00 -8.929367437563161536e-01 -1.307804689165766865e+00 -3.227759136661985662e-01 7.687025901808615114e-01 5.894173886771801874e-01 -8.837979248783220942e-01 -4.265870409901653670e-01 1.063834331236993114e+00 3.072634507592526987e+00 -2.205214772423509662e-01
3.534282628457927067e-01 9.028431072477880459e-01 1.457545957839838646e-01 1.605169115549082148e-01 -2.641622215720891842e-01 -3.050604917935922922e-01 -1.068957293082445803e+00 -1.729683040058404231e+00 4.098411867622896443e-01 -8.972181854077747598e-01 4.502716394688240364e-01 -8.864278853992565432e-01 -2.793774991990883860e-01 9.929568268477486637e-01 1.117532600445417357e+00 -1.317269481393098296e+00 -5.845294626996707654e-01
2.911591347958089604e-01 -1.547897909619339929e+00 5.544042754257109129e-01 1.083396781172805801e+00 -5.642480502799285258e-01 2.991664677856618604e-01 -5.333341307456270775e-01 1.127714739604540606e+00 -1.097509577049207152e+00 1.057879298041654259e+00 1.132804656086322109e-01 1.378439149103013683e+00 1.780640782848728898e-01 1.116508593487189616e-01 3.603296110346824732e-01 3.153091120052944896e-01 5.673307710231693113e-01
-3.539235425666726331e-01 -1.938597124311768616e-01 -1.036049430637637769e+00 -1.705266869941910901e+00 -4.175906348713822602e-01 9.588445678580143072e-01 7.253180038142857944e-01 -2.015806678323437962e-01 2.752807260794764010e-01 1.008859398286451103e+00 1.377863706343585015e+00 -2.083155484887859732e+00 -3.649418309601035887e-02 2.287219098791585248e-01 -6.775317761885784051e-01 -1.040118180459641106e+00 -8.208120123260007617e-01
-2.901698875778357389e-01 -1.358345598287197031e+00 5.543820622998504311e-01 -1.095044119405454763e+00 -1.274958341569025322e+00 2.880408319264649020e+00 4.885246056075780441e-01 -1.342188231656304964e+00 2.025782588340194479e-01 2.257955899794039101e-01 -1.937608592253652340e+00 -1.476151942089501290e+00 1.847842822508014127e+00 -2.284069379471999062e-01 -1.971091804172639961e-01 7.291161490561254288e-01 9.558878485708870443e-01
-4.635805573218872433e-01 -5.051064337317473507e-01 -1.194155642668174533e+00 1.967878249867923701e+00 -1.748707297726187271e+00 -2.700392252771970369e-01 -1.502912275002364906e+00 -1.048966490268313123e+00 2.197401799485679597e+00 9.148434027078441444e-01 1.181694904112683853e+00 -1.071928973465854584e+00 2.295828842176068640e-01 -9.562215213962257376e-01 -1.464006523485526401e+00 -1.716012591590303282e+00 3.801012931418641938e-01
6.548777985732488760e-02 -3.814000208451577834e-01 6.562434334999499297e-02 4.067693024086399545e-01 1.250428343426382982e-01 5.305993598100103847e-01 -5.889058329588541252e-01 3.458064451511876913e-01 1.223815785196362554e-01 -1.129268176873853280e+00 -2.842646749733368505e-01 3.986496961755821578e-01 6.743782643543482225e-01 1.416822839896434205e+00 9.703236240843550187e-01 -2.287203570619268655e-01 -1.077417336590460017e+00
-5.114069645732610692e-01 1.503633396514802989e+00 1.418399967476456247e+00 -1.305598795487543651e+00 -5.030440809416886205e-01 -1.609322265859266077e+00 -3.816315388229666872e-01 -2.209283453799696151e+00 -2.160201611825867118e-01 -4.653542484650203398e-02 -9.677072092616019194e-01 3.321520476368669539e-01 -1.709071694884757298e+00 -1.592108212084771601e+00 1.572413748603653516e-01 1.105010885218379979e+00 -3.361426123236195829e-01
1.364651198903418905e+00 1.118133613248338820e+00 2.881320075448352003e-01 2.282972947588677581e-01 -5.279517077738891118e-01 1.088859625573690870e+00 -1.659917343522608224e+00 -4.454732208102930580e-01 -1.836624695096345405e+00 5.513110157324461191e-01 4.081768623179128364e-01 3.921128276167526461e-02 -7.044181500641381044e-01 -6.023947969896450427e-01 3.759697906046188809e-01 2.311776508423617482e+00 -1.861763856199186856e-02
-1.954614834839827342e-01 -5.591391897669287792e-01 -3.484278906401681031e-01 7.357874848959007619e-02 -4.938883680119153241e-01 -2.032938090045836699e+00 -3.218853045256998557e-01 1.246979585514002675e+00 2.615357069219470976e+00 -2.591388771829719606e-01 -5.664267356742589410e-01 -7.622222145963465367e-01 -3.174835788240342599e-02 3.185642162329481719e-01 5.058273701686285539e-01 7.985048929382400074e-01 7.274027837721309675e-01
-1.337775592621086584e+00 7.858271532212893762e-01 1.202834345402799432e+00 1.717373601012152917e-01 -1.934419194875061310e+00 -8.495043494460143008e-02 8.914163570682953619e-02 -3.448934414358170719e-01 6.964704195216754323e-01 -3.443337001749864346e-01 -8.649618748326499684e-01 1.554622345154079155e-01 7.738513920453592432e-01 2.323634074526489623e+00 -8.603831358875675406e-01 -8.709482581963452485e-01 3.057295234986455168e-01
-1.263007666239822191e+00 -9.139015345295992132e-01 8.855502087598922101e-01 5.000783833777108223e-01 -3.317642736824948924e-01 5.496138923932341047e-01 -1.632291032083473814e+00 1.327216763990531678e+00 5.862347001131598123e-01 4.468828789230791521e-01 1.264647225512101292e+00 -1.526779233326134300e+00 3.707252616668736400e-01 8.778727243506998512e-01 9.130805297516388086e-02 -2.045398827957380039e+00 8.714147262888166656e-02
1.770560670660441538e+00 7.117426155854252867e-01 2.901697744817361216e-02 -7.224575833108034528e-01 1.340782247802429605e+00 -4.061148298914683541e-01 -2.212005693795776329e-01 -8.134748363889459100e-01 1.196212962068640362e+00 -2.535260943178000992e-01 3.116955127788684776e-01 -1.980641716944165909e-01 -4.722315470059208070e-02 1.075652835886179298e-01 1.478514404447030861e+00 -5.610333217764890135e-01 2.775534235324759735e-01
-5.390289948954973820e-01 1.647490699508098677e+00 6.454266885067397874e-01 -2.693543505621153605e-02 7.151563555090190150e-01 -3.647931708863810241e-01 3.795721326215040214e-01 -4.548248959301764427e-01 -1.658370775209857095e+00 -8.601454704366641169e-01 1.328551941300080697e-01 -1.251553643495610935e+00 2.538163622633475280e-01 -1.223404270493416934e+00 1.831601533481677369e-01 -1.687606445617073847e+00 3.022619112549600473e+00
7.242582412823235227e-01 -2.004459026638276242e+00 6.283851468541117036e-02 -1.326800751822443170e+00 6.131815143252589140e-02 1.990958020920160276e+00 -1.384362323775787162e+00 -8.147562724710987192e-01 -7.028603869871909993e-01 7.194023778952981507e-01 -3.889088113229509647e-01 -6.778704487275193369e-01 1.470964079098758370e+00 2.145904868919673358e+00 -2.754515868348053065e+00 1.993404834862714248e-01 -1.483143500632557066e+00
7.384683720114245675e-01 7.681736194333114998e-02 4.053722413295672844e-01 7.337640456054400628e-02 2.156836608410267697e+00 9.371188841038348150e-01 -2.616379609775851822e-01 -3.404250022713504742e-01 -1.056737199390370030e+00 -6.228441595881245574e-01 -6.660519663450037431e-02 9.302664176103666582e-01 1.655167531811672366e-01 4.341775386701454686e-01 -1.994061311936779490e-01 -1.060022091456244597e+00 -9.868579173560039219e-01
3.635147853064086276e-01 2.549953545508353847e-01 -1.468210815019820037e-01 -1.455203372983935095e+00 -2.605837862266755511e-01 -8.248316598290862389e-01 -4.095354648940368048e-01 6.052779747343827177e-01 8.273741107771218628e-01 -7.053383107967137709e-03 5.717061729491903499e-01 -1.706836231735074483e+00 -2.174012013677510069e+00 -1.563998755535083163e+00 -2.262051356927180235e-01 -1.105607053630363712e+00 -9.516815477610468532e-01
-6.267482146567489032e-01 -1.257319938795501413e+00 2.597938133073126599e-01 1.179764918535480600e+00 2.292204199194731173e-01 -5.410378364610497481e-01 7.660506484933014837e-02 -1.004692283529081687e+00 -6.770448708885712374e-02 1.412059168162426159e+00 2.777166099500706364e-01 9.030263894613296261e-01 -9.500479653024625215e-02 6.428216688224885900e-01 4.162463747982580314e-03 1.036999833266037063e+00 -4.201989158002167879e-01
1.733060421537575779e+00 -5.834356402169636746e-02 -4.460050794233913485e-01 -3.432466028891323906e-01 4.153604177894308913e-01 2.636033956044550486e+00 8.436748921796992026e-03 -8.296311957511731672e-01 -5.855522206150239883e-01 -9.012639022250926724e-01 -7.903346941775616363e-01 -7.154220710728789179e-01 -3.080562375529117269e-01 -8.121885697660208292e-01 -1.252204742419349870e+00 -7.439532126518764166e-01 -4.422075384136699427e-01
1.028953079396327297e+00 1.020579159606225472e+00 1.340495823262356501e+00 -5.285329945284683584e-01 -1.554013287203090510e+00 -9.454346794532348941e-01 -8.050172124997829748e-01 -1.973445249846901062e+00 -3.853830693736117752e-01 -4.965244641100076128e-01 9.607185511212191775e-01 4.158286305500736302e-01 -7.965522584040978238e-01 -2.420121199808702994e-02 7.989021836172867375e-02 7.098163306778781934e-01 -4.407711969386120532e-01
-1.870567964657737114e+00 1.436853998589483039e+00 4.118216993161307182e-01 -9.244080291318301779e-01 -2.518481751515415645e-01 -6.692820395627034902e-01 -8.600170255770411831e-02 -6.429906839116747430e-02 3.232205288986675473e+00 -1.350686332665532063e+00 -4.550337923345782465e-01 -9.143873962707876890e-01 -8.746971963412539797e-01 -4.100981045695462623e-01 5.547637809209884363e-01 1.231241632712676726e+00 1.258118802207937481e+00
2.000964060355484020e-01 -1.249643206361019804e-01 -1.263144102614728981e+00 -3.276392918106142693e-02 5.324942404136409069e-01 4.160212523174232346e-02 -6.546981847475574767e-01 3.347870608253757929e-01 7.668937496679376631e-01 1.439498715209407198e+00 1.681600212895474344e-01 1.426240256168719578e-01 -9.229410138183845591e-01 7.007361411823982422e-01 -8.830294801637734725e-01 1.456836743078847141e+00 5.458077781218897417e-01
5.743892734990089233e-01 7.109822496537387959e-02 8.906037312842581821e-01 5.321932407798317666e-01 -6.108991708143927252e-02 3.869781760944099314e-01 1.520957012303589817e+00 -4.528497036915022367e-01 1.278066311226965901e+00 1.006087555044865800e+00 -1.547387995156803031e+00 -2.038514836181955392e+00 -6.193721679246732004e-01 -1.028280736837058548e-02 -6.591434830010721724e-01 2.466584394512312706e+00 4.630267135758472374e-01
3.120299188277269042e-01 -7.297949480382177889e-02 1.067668596360944244e+00 1.523572196635518683e+00 9.152353408510564003e-01 -3.919127795142302029e-02 5.260785952816954270e-01 -2.416310543762154595e+00 -1.498064910043634512e+00 -6.513803468551135900e-01 -1.242284925474592905e+00 -7.097464123482345455e-01 -3.956221244015317162e-01 -2.738461800391432721e+00 -5.796919798499099441e-01 -9.764971143975659240e-02 -4.036109178489699634e-01
5.752569199897048513e-01 6.621944664342637177e-01 3.300254529762154387e-01 -1.064218806929927208e+00 1.296589526089857225e+00 -3.155728456612052479e-01 9.038882943092876321e-01 1.120830060949741247e+00 -2.516537775135116450e-01 7.265472267536225992e-01 -1.188411020648213745e-01 -6.453637456514229598e-01 5.800177965042038197e-01 -1.067981702311343373e+00 8.654464665525288813e-01 -1.076188417991172791e-01 2.905652464091654785e-01
-2.461821209791193177e-01 -2.150550050804100000e+00 1.272294676689140758e+00 1.488334098290978513e+00 -1.647140610279317574e+00 3.621672495628222022e-01 -1.938738197698773591e-01 -9.051265095685595563e-02 3.488453054736503824e-03 1.691976600018443022e-01 1.912979059017564376e-01 8.811676767359468698e-01 -1.327629631302667645e+00 -8.308796771873377951e-02 -1.800419511078566182e-01 5.469409325861384064e-01 -1.245076730722788128e+00
-1.567149627925296662e-01 -8.381639065742629846e-01 2.694372608226485610e+00 -3.452465772381555498e-01 8.648238377311360248e-01 6.646579439758916186e-01 6.334683180627456167e-01 -1.017299982760346000e-01 2.359114566048752526e-01 -1.531344106706166608e+00 -4.139929540117781581e-01 -1.028454577946836590e+00 3.369898015212544062e-01 6.019077673972748205e-02 1.572631937014894010e+00 -1.704509942144755152e-01 5.973181768830625876e-02
-2.432292394416395720e-01 5.677931693485865905e-01 -5.961325447049958121e-02 -1.527739757702682555e+00 -3.691932339334276225e-01 -1.383617046427632535e-03 -2.010758583528516122e-02 -7.029352989404179519e-01 1.687886217534029898e+00 -8.100981123343180268e-02 1.167279085833918956e-01 1.374744582982352359e+00 -2.343705565835894622e-01 -1.215353152152225613e+00 3.158840454700891087e-02 -1.571671829092540662e+00 2.050494283917053961e-01
-1.432128371399565392e+00 1.189784623873169300e+00 1.896168252121516407e+00 -3.045927979720235435e-01 -4.970438452112680983e-01 9.120416475646744292e-01 3.870165436388446345e-01 1.601034216967749946e-01 3.153414150317799258e-01 6.775715843613865363e-01 -2.937846418781260849e-01 -3.358999457188537319e-01 4.542665597180621795e-01 8.706994591644604542e-01 1.187610047278900627e+00 5.175402014152562929e-02 6.891473912785268663e-01
7.144343745664701872e-01 3.037047100918838921e-02 -3.270165828888594861e-01 -6.199968476114544602e-01 -1.654281912236454266e+00 -1.132522428729755282e+00 4.958604344754358739e-01 9.333747019548789270e-01 -4.952500448368924585e-02 -1.761188776090875652e-01 5.054966279859391953e-01 -1.387854665439414381e+00 -1.433587458643272639e+00 -2.131608791763500710e-01 -7.868908041573758894e-01 -5.203899834815941539e-01 1.131391544765518065e+00
-3.920737116190087940e-02 1.168680224859873551e+00 7.451717224112470728e-01 -1.049122083886416590e+00 -6.775224156893214777e-01 -2.963699512879598985e-01 5.047261658859382161e-01 -1.030910083507468711e+00 8.163555534307836981e-01 -1.665597241587908339e+00 1.428457146699244174e+00 9.291720109843739639e-01 -5.966772577114080184e-02 4.695288685044567423e-01 -1.346073267534385831e+00 1.355007079078334398e+00 -1.777471307435810610e+00
1.493976229626786223e+00 -1.629901647873329140e-01 1.085433006486086427e+00 -5.570074352607224943e-01 -1.405289592241667274e+00 1.867372768470475952e+00 -8.772837550583379995e-01 1.045048880381500789e+00 2.926983287825601909e-01 1.184355327632312882e+00 -9.038557657617957153e-01 1.545305810431529814e+00 -1.488169530387197126e+00 5.217100030130340516e-01 2.078076511302245244e+00 -1.515983464325888486e+00 -6.197104427412888361e-01
-1.040332578798979002e+00 4.521950323554276285e-01 -3.864089684350432985e-01 -9.366021521180718512e-01 3.762591315609536968e-01 -1.314501190741691250e+00 7.454266618861080662e-01 -1.541930143051587043e+00 3.890147503200993007e-01 -7.425832724068146540e-01 -1.105623685288413149e+00 1.399664481986318543e-01 -1.642932539313871843e+00 9.823564401024804660e-01 1.811992590087689037e-01 -7.205038066862491375e-01 9.037004636098910915e-01
4.338536396525911054e-01 6.134455956829946155e-01 7.086798247383798710e-01 3.198416820788136383e-01 8.463027676140777444e-01 -1.005392649497011404e-01 1.350244563886541904e+00 -1.331717244746354778e+00 -4.294709370966178774e-01 7.540698274875065055e-01 -2.381391295590341850e-02 -9.613494803030334657e-01 1.585832138708019867e+00 -2.906697679019240588e-01 1.751031598591348271e+00 2.131164138002284436e-01 6.270720636316283458e-02
-4.175683146381007349e-01 -8.942277002927040419e-01 2.510499308158282705e-01 -4.818068149627081631e-01 -8.930770699593894024e-01 1.425769167810264415e+00 1.750803321432810256e+00 -4.557246627319094801e-01 3.107510427422089272e+00 4.786735592155040853e-01 8.199817265316272641e-01 -9.032067470185944913e-01 -9.044836302833076935e-01 -6.176194812771804710e-01 1.106822532439463297e-01 -5.612711238164150851e-01 -8.505544201584286368e-02
1.504018602142705108e+00 -1.178528721580322847e+00 -1.692303475418267811e-01 3.112822415281088495e-01 3.029263756085214809e-01 1.070035935314378905e+00 -1.051672443128453871e+00 2.335180045865714593e-01 1.015247440199309237e+00 -1.213412809462009800e+00 -9.188330923925842608e-01 -9.097442700404759774e-01 1.046193210753124658e-01 4.971659354986180390e-01 -1.452687337155226466e+00 -4.335751600072066392e-01 -6.461600741831962091e-01
-3.680196756212414932e-01 -4.897777089084717761e-01 8.114236120796114449e-01 2.522245109388308038e-01 -5.290489944178730086e-01 -2.596284959465076647e-01 1.471001178975490875e+00 -9.500018301935662102e-01 1.984353129384747449e-01 -3.308293088365605317e-01 -4.703203227053163321e-02 3.048578166549342772e-02 -1.301387058690022691e+00 5.480526909611436182e-01 -6.540156199881953514e-01 1.429983115763796775e+00 1.021958815162081091e+00
1.235447311270257975e+00 -6.253943275478585084e-01 -1.699949370659427084e+00 -2.684115899733051647e-01 -9.351310889069335275e-01 2.958070433183522807e-01 1.207244308280112310e+00 2.752485741510400999e-02 -7.171836649297738120e-01 1.037158700730784311e+00 -6.292526312148506440e-01 9.144736551565520177e-02 7.994095312203716164e-01 -9.448460368743830662e-01 -7.687539781384790105e-01 1.358977613182246857e+00 -1.424161574645175010e+00
-1.322922537607492899e+00 1.793149667106356926e+00 6.819510894436288106e-01 1.635973256202908788e+00 8.329026421504014399e-01 -2.880461040450621110e-02 -1.968605536588537430e-01 1.484792121635103990e-01 -1.023629631822769781e+00 6.539505970161809678e-01 1.699137872065021204e+00 -9.017010681259078619e-02 1.668074360309090842e+00 -9.332531450415423313e-01 2.228876808726564018e+00 2.371635428622190234e-01 -1.104462329105226903e+00
3.204213190565199376e-01 -2.309460208658410618e+00 -1.655351207610079811e+00 -1.056648171475471493e-01 3.441330300919858698e-01 1.611268679333298648e+00 -1.342622332449360467e+00 9.435618479926726199e-01 1.731340490090287343e+00 5.843075509519141120e-01 3.237153789579663710e-01 3.059054997299543999e-01 -5.923550398793769878e-01 -1.445157840104995595e+00 4.088586591466800702e-01 5.152769277405743198e-01 -6.752830278144604792e-01
-8.558889115391599134e-01 -1.380990344604367870e+00 7.567332506750905630e-01 1.004603757537485320e+00 1.058857838189252609e+00 -7.572717950404763698e-01 -2.199264773675589257e+00 -1.333622829082237837e+00 -1.031775646722483231e+00 -9.040768445523109653e-01 -4.214643813750715284e-01 -9.367857180192064037e-01 -1.821772456357749759e-01 2.295686634695727202e-01 7.578510338441014904e-02 1.148620490117540083e+00 1.899068537912312893e+00
2.489378494245136630e-01 3.063267361838754588e-01 1.344377143456026324e+00 -6.314263378748110611e-01 1.248998151211164476e-01 2.420277810872881741e-01 -8.645003889141300579e-01 -1.410126888918813437e+00 2.014559422984879777e+00 1.057472772364504987e+00 1.553970655859907013e-01 7.903937124418132232e-01 5.872991445430059826e-02 -9.143741870171681052e-01 -1.760021532922298571e+00 -3.619579602075192470e-01 2.320252632272507345e-02
-1.624211631493252206e+00 -4.976959944507678979e-01 1.055808273443109124e+00 1.104173391513002089e+00 -7.449993769458543857e-01 -1.835219153830487837e+00 -1.006516654805857280e+00 8.709367561889573839e-01 -2.702269587122992922e-01 -8.074777571668357856e-01 3.127162830801158422e-01 -2.630600934901650700e-01 1.495086259968365860e+00 7.793871578230903152e-01 5.446687267378129416e-02 -1.007714024025825605e-01 -6.577722180105565197e-01
1.441778353742355856e+00 -2.977581445901749113e-01 -1.697926758930594193e+00 5.759410916908572903e-02 9.203704627434718122e-02 9.576249008551717123e-01 2.003166272683786442e+00 1.088272843876477936e+00 1.242368756264754293e+00 1.056165460544922441e+00 2.131019916624211086e-01 -1.301789226747527950e+00 6.959417887129800695e-01 2.230553330094511844e-01 -2.061557842762279727e-02 1.136190907223751267e+00 -4.739816279606178795e-01
1.115664497659074827e+00 3.887285932563491198e-01 -6.323368430930916828e-01 3.286408731633748692e-01 8.245294702081015226e-01 -2.300794432737866269e-01 -1.887242759073688214e+00 -1.116857810379170424e+00 -1.697197300179510426e+00 1.596294340037903714e+00 5.136386907310024341e-01 4.275838870686738957e-01 1.722986941285676421e+00 -1.113004421902240360e+00 1.993379257699665397e+00 -8.721899383846235532e-01 1.694421898055556430e-01
3.314580929047030722e-01 -2.265878870524696831e-01 1.912816281393677209e-01 6.069137965180441963e-02 -7.985622280634738779e-01 2.272931201586724459e+00 5.391009563295464657e-01 -1.326868464558377703e+00 4.274076687838209154e-01 -1.919539888080427359e-01 -1.815197074407434608e+00 -1.022447145378506228e+00 5.951219459702350445e-01 5.590970456018889978e-01 -5.892002517269016026e-01 3.982412833224860949e-01 2.219146596686666084e-01
-8.707819430402605754e-01 -8.846361152316009058e-01 1.262784145343476938e+00 -2.049591536461225161e+00 -1.263031401183268176e+00 7.524386462756639526e-02 -6.044610880823272220e-02 9.489643063465869055e-02 -7.812310741972514627e-01 1.541059108694482926e+00 4.499678961101759023e-01 3.520265423444980390e-01 -5.725634701170059238e-01 1.285943075435762140e+00 2.834374907515802566e-01 -5.117286947541264119e-01 6.009684346018550061e-01
-2.429394529559759430e+00 3.104491699380348413e-01 -2.351434178932416685e-01 -1.015575237141311149e+00 5.306607864090984172e-01 1.138004968392421823e+00 3.769224810053843355e-01 5.222449093617493876e-01 -8.007341730845586314e-01 -1.473255651350267037e+00 1.029413994345213412e+00 -2.408378927777718559e+00 -9.064925867637995127e-01 2.778791299268177362e-01 6.791320572118656473e-01 -9.272997313439784728e-01 6.788930085143011217e-01
-1.413542602215962229e-01 5.454027202998794344e-02 -6.455246907461512640e-01 6.913091618102154556e-02 -2.933625783914908455e-02 1.418188876229875106e+00 1.791668806688713866e+00 -1.494485504940916698e+00 -1.095655025247723291e+00 4.967706551768513723e-01 5.533100231002495428e-02 3.060351119090310434e-01 -1.650835337220630528e-01 -1.778603325668244750e+00 2.930284865181247977e-01 2.194068817359747126e+00 -9.013555793752868750e-01
-7.872382647180821147e-01 -1.571364080993293610e+00 1.566004695342316566e+00 1.511085234292585344e+00 -1.787244796777725631e+00 -4.225969198617085532e-01 -5.568537592635094402e-01 -1.761383658378289585e+00 7.302485180427148448e-02 9.492886556392374775e-01 1.549209285312856288e+00 -6.661477218044170590e-01 -2.140454932843592228e+00 -1.563686970340142368e+00 1.746475907716935061e-01 -8.675871293201210532e-01 -1.159020995886603789e+00
1.199644133416850833e+00 -8.274664826294395592e-01 1.330865753163468002e+00 7.364558376662070360e-01 6.165471314034657313e-01 -2.488166749115577614e-01 1.129110547015255372e+00 -1.278447969348111890e+00 -8.754604391418771003e-01 8.730056643777156511e-01 -7.079409584758621365e-01 1.212127139318671443e+00 9.229943063437483497e-01 -8.297780967763902504e-01 -2.285643877423523485e+00 -1.472072179074602749e-01 -8.051908640883994606e-01
5.029254457730123473e-01 -7.833601342706981718e-01 -1.188418590486495452e+00 2.406358590743980230e-01 6.478291714046026384e-02 2.269985593089395515e+00 2.104828817841348343e+00 3.117108879980642899e-02 4.467863300233843593e-01 -2.647205481580782171e-01 -8.101654394191029063e-01 5.187327362170900819e-02 5.743294823060147714e-01 1.566975958430938176e+00 -3.403872102076789807e-01 2.288586534410320394e-01 -9.738396164190170623e-01
-1.011653497690507386e+00 -3.750377759601172811e-01 7.203603703340913933e-01 7.616483955434759645e-01 -2.231298430857254989e+00 1.469418038004267846e+00 -1.417031707342376046e-01 -5.228556254500117406e-01 1.056790986195978999e+00 2.928820817406118104e-01 7.565804433828792197e-01 1.385700062874064331e+00 1.380230173144435524e+00 -9.724676122524102961e-01 4.492522074806948873e-01 -2.661655161049793494e-01 8.747448512794177289e-02
-1.566699367767435014e+00 1.289459759337379330e+00 4.442498461934054621e-01 -8.490759032058995404e-01 -1.315440817025718134e-01 -1.110809166286160776e+00 2.599328727808647432e-01 -3.486523273188824740e-02 -9.982280321178701454e-01 2.117076913886217493e-01 -3.799125323748638872e-01 5.096411388543121701e-01 7.784957732871272684e-01 -1.024201374167608813e+00 -1.032450896940971530e-01 -5.817387806594517818e-02 -3.104029058476946712e-02
1.960292163711038760e-01 -3.880389426019302257e-01 -1.698444261364242258e-01 -5.877733301406583566e-01 1.676836019025390145e+00 -1.957618536408854137e-01 -1.010238311286264068e+00 -1.821117981460850022e+00 8.574753586135168693e-01 1.454170484199646785e+00 -7.776884146815795651e-01 7.366471115233340639e-01 -1.177941723214577241e+00 1.321777761674214624e-01 1.379327695842733625e+00 2.887301544736679548e-01 9.097990636066061176e-02
-1.072204431439588213e+00 8.510260883555889055e-01 -7.926042744130795681e-01 3.975222709827976875e-01 1.092164558661080642e+00 -2.261389677465156511e-01 4.871793960828079695e-01 2.872159025978711644e-01 7.954759084781236333e-02 7.927373979288865335e-01 4.913202846738515261e-01 -2.572288718963738341e-01 -6.686270080514709058e-01 1.770722780065393298e+00 -5.047154623902673221e-01 1.080469979528303481e+00 1.012809092636859587e+00
2.146861167855296237e-01 -2.855184128803179289e-01 -1.774107911853516073e-01 -1.896756994018950149e+00 -1.089772148561099607e+00 -2.775501983601558198e-01 -4.541195848328555273e-01 -5.316665667115915150e-01 8.323452404356427303e-01 -6.019964926585885667e-01 1.143704239089063934e+00 2.200629500311596098e-01 2.966363863772531473e-01 -1.046470403873418276e+00 -5.937655410473529072e-01 -6.784285994458426616e-01 -5.244457026809642430e-01
-4.041053506269231543e-01 -6.105983719036973678e-01 -1.044889671763090389e-01 2.587379232050893152e-01 -1.224060680219712260e+00 -8.264878604057697420e-02 7.976634750556631515e-01 -1.419928245246645071e+00 -5.968566723386009576e-01 8.909406060423319396e-02 1.528461720810989632e+00 3.315203431956897928e-01 -1.210429993969332485e-01 7.889177979348239722e-01 8.910071917333435287e-01 -7.217061138616768234e-01 9.284837209476495823e-02
-1.156521856601302689e+00 -1.055477048103280469e-01 -6.998443726305197954e-02 -2.333560284885730918e-01 1.562457861203043752e+00 -9.173827352294348092e-01 8.350317019567059518e-01 -1.598597689093836927e+00 -1.325089690442375012e+00 -4.416800460489733182e-01 -1.091152377314303680e-03 -9.030814280580395925e-01 8.056412875856551192e-01 5.469053698245955886e-01 -6.710722939322075753e-01 -6.015762678739757785e-01 -1.411809446489468989e-01
-1.159583363369673714e+00 1.225794030310121130e+00 -3.810045907955192934e-01 -1.015946203853249630e+00 -1.878136108489297129e+00 2.283896442867027865e+00 -2.919649721496949124e-01 2.969959709840824247e-01 -7.119669365471513744e-01 2.387086690724772031e-01 -2.265655042454343404e-01 3.944298324951125284e-02 1.940948447459375503e-01 6.937993301737047647e-01 1.212478392063017996e+00 -3.203756322755174080e-01 -7.998239559891103800e-01
2.392778347708052866e+00 4.298443181050292106e-01 -5.378911644830763894e-01 -4.901326985795760871e-01 -1.489582869107270779e+00 -1.035733685514183877e+00 -9.367399292226611177e-03 4.678752867541031146e-01 -7.176160146116733474e-01 -1.080171958129301446e+00 6.807131774078127862e-01 -3.996475915179919514e-01 -1.815211875547377562e-01 9.970849577027244282e-01 3.714163925326488536e-01 -1.381841300544339179e-01 6.479349065830766197e-01
-9.583411585578682779e-01 -1.893745341536428484e+00 5.962974819122041081e-01 -6.491914684769181099e-01 -1.955857645017502033e+00 -1.811397879350849172e+00 3.799726239921663584e-01 4.771362075597816443e-01 -2.519876638903654875e+00 6.228108102209906072e-01 -2.010644909643490019e-01 2.048826231729613312e+00 -4.585494891431808329e-01 -1.360338794169300702e-01 -6.949244069097038068e-01 1.150270160815000997e+00 1.424409553814181661e+00
-2.309312840730474992e-01 4.007135308175656108e-01 -8.004479328564910734e-01 1.628734867253894547e-01 -1.449699218885407204e+00 -2.177416666512310250e+00 -1.143767901884477745e+00 7.700109975347743108e-01 7.467551079411491877e-01 -9.781532262195387073e-01 -2.297681848962401503e-04 -3.218670136692594608e-01 1.758591121486764372e-02 2.809283975684381263e-01 1.693534301076045301e+00 -7.987830302471895516e-01 -1.955469802413992708e+00
1.561770324322616865e+00 7.079552183724393544e-01 -2.449787459973368886e+00 -1.118496098372258940e+00 1.464828360998825740e+00 -1.139094566640689754e+00 -2.356451981321544265e-01 6.299150874870733663e-01 -3.037961814840658414e-01 -1.399120923228815150e-01 -5.045547659740939883e-01 2.186988100965410742e-01 -3.794329196682144634e-01 5.144558320222620829e-01 1.769704153490916809e+00 1.224158440999891795e+00 -1.579988872536550182e-01
1.445085804272694674e-01 1.142865249388086202e+00 -1.261926556105666064e+00 -7.560706141057434992e-01 1.000066386709409921e-01 -1.161656760706702984e+00 -8.274725615377027665e-01 -1.643304562052375850e+00 5.981137227449766502e-01 -9.883764923669555724e-01 -6.394991453739743426e-01 1.978029255391972718e+00 5.569885533043048564e-01 9.145839086793573491e-01 -3.037693243991721026e+00 3.934892298522122411e-01 1.432908887537085230e+00
